NO_OF_FRAMES	22245
NO_OF_CAMERAS	4
NO_OF_BODIES	1
FREQUENCY	100
NO_OF_ANALOG	0
ANALOG_FREQUENCY	0
DESCRIPTION	--
TIME_STAMP	2020-01-22, 17:47:17	22107.99179716
DATA_INCLUDED	6D
BODY_NAMES	PSVH
Frame	Time	PSVH X	Y	Z	Roll	Pitch	Yaw	Residual	Rot[0]	Rot[1]	Rot[2]	Rot[3]	Rot[4]	Rot[5]	Rot[6]	Rot[7]	Rot[8]	
1	0.00000	-194.91974	2.24150	0.99661	-0.65630	0.09391	0.05772	4.98536	1.00000	0.00099	-0.00165	-0.00101	0.99993	-0.01145	0.00164	0.01145	0.99993	
2	0.01000	-195.64748	1.62077	0.72224	-0.78772	0.05832	0.12055	4.77517	1.00000	0.00209	-0.00105	-0.00210	0.99990	-0.01375	0.00102	0.01375	0.99990	
3	0.02000	-194.95781	2.21758	0.98296	-0.66356	0.09491	0.05952	4.99253	1.00000	0.00102	-0.00167	-0.00104	0.99993	-0.01158	0.00166	0.01158	0.99993	
4	0.03000	-198.62386	1.71179	0.03494	-0.53532	-0.03859	0.16124	3.84745	1.00000	0.00282	0.00065	-0.00281	0.99995	-0.00934	-0.00067	0.00934	0.99996	
5	0.04000	-198.67555	1.70286	0.01716	-0.53206	-0.03739	0.15727	3.80340	1.00000	0.00275	0.00063	-0.00274	0.99995	-0.00929	-0.00065	0.00929	0.99996	
6	0.05000	-198.69584	1.71115	0.00847	-0.52833	-0.03714	0.15618	3.76336	1.00000	0.00273	0.00062	-0.00273	0.99995	-0.00922	-0.00065	0.00922	0.99996	
7	0.06000	-198.68467	1.70096	0.01378	-0.53137	-0.03803	0.15637	3.77396	1.00000	0.00274	0.00064	-0.00273	0.99995	-0.00928	-0.00066	0.00927	0.99996	
8	0.07000	-198.19153	1.26074	-0.08500	-0.57423	-0.02440	0.15792	3.76900	1.00000	0.00276	0.00040	-0.00276	0.99995	-0.01002	-0.00043	0.01002	0.99995	
9	0.08000	-198.59231	1.59925	0.18563	-0.51766	-0.04295	0.15180	3.74876	1.00000	0.00266	0.00073	-0.00265	0.99996	-0.00904	-0.00075	0.00903	0.99996	
10	0.09000	-198.57417	1.59393	0.20008	-0.51479	-0.04516	0.15093	3.75718	1.00000	0.00264	0.00076	-0.00263	0.99996	-0.00899	-0.00079	0.00898	0.99996	
11	0.10000	-198.57180	1.58509	0.20733	-0.51264	-0.04600	0.15140	3.76705	1.00000	0.00265	0.00078	-0.00264	0.99996	-0.00895	-0.00080	0.00895	0.99996	
12	0.11000	-198.57018	1.57042	0.20660	-0.51179	-0.04699	0.14958	3.75050	1.00000	0.00262	0.00080	-0.00261	0.99996	-0.00893	-0.00082	0.00893	0.99996	
13	0.12000	-200.56479	1.49456	-0.51593	-0.31778	-0.00370	0.02492	3.01500	1.00000	0.00044	0.00006	-0.00043	0.99998	-0.00555	-0.00006	0.00555	0.99998	
14	0.13000	-200.56943	1.48767	-0.50686	-0.31347	-0.00483	0.02429	3.01846	1.00000	0.00042	0.00008	-0.00042	0.99998	-0.00547	-0.00008	0.00547	0.99998	
15	0.14000	-200.56693	1.47926	-0.51446	-0.31152	-0.00479	0.02257	3.02293	1.00000	0.00039	0.00008	-0.00039	0.99999	-0.00544	-0.00008	0.00544	0.99999	
16	0.15000	-200.56839	1.46229	-0.50989	-0.30867	-0.00694	0.02159	3.01428	1.00000	0.00038	0.00012	-0.00038	0.99999	-0.00539	-0.00012	0.00539	0.99999	
17	0.16000	-200.55389	1.44335	-0.51207	-0.30927	-0.00604	0.02178	3.03098	1.00000	0.00038	0.00010	-0.00038	0.99999	-0.00540	-0.00011	0.00540	0.99999	
18	0.17000	-200.55317	1.45562	-0.50758	-0.30212	-0.00781	0.02116	3.03151	1.00000	0.00037	0.00013	-0.00037	0.99999	-0.00527	-0.00014	0.00527	0.99999	
19	0.18000	-200.75657	1.39257	-0.56132	-0.28710	-0.00517	0.00944	3.08923	1.00000	0.00017	0.00009	-0.00016	0.99999	-0.00501	-0.00009	0.00501	0.99999	
20	0.19000	-200.74339	1.37447	-0.56273	-0.29057	-0.00561	0.00809	3.10129	1.00000	0.00014	0.00010	-0.00014	0.99999	-0.00507	-0.00010	0.00507	0.99999	
21	0.20000	-200.73953	1.37163	-0.55893	-0.28347	-0.00766	0.00841	3.09443	1.00000	0.00015	0.00013	-0.00015	0.99999	-0.00495	-0.00013	0.00495	0.99999	
22	0.21000	-200.72623	1.37201	-0.55614	-0.28183	-0.00735	0.00824	3.10595	1.00000	0.00014	0.00013	-0.00014	0.99999	-0.00492	-0.00013	0.00492	0.99999	
23	0.22000	-200.74672	1.34174	-0.54473	-0.28381	-0.00730	0.00998	3.08850	1.00000	0.00017	0.00013	-0.00017	0.99999	-0.00495	-0.00013	0.00495	0.99999	
24	0.23000	-200.72563	1.35487	-0.54711	-0.27464	-0.00855	0.00861	3.10104	1.00000	0.00015	0.00015	-0.00015	0.99999	-0.00479	-0.00015	0.00479	0.99999	
25	0.24000	-200.72106	1.34511	-0.54447	-0.27531	-0.00865	0.00842	3.09549	1.00000	0.00015	0.00015	-0.00015	0.99999	-0.00481	-0.00015	0.00481	0.99999	
26	0.25000	-200.72885	1.33170	-0.54176	-0.27178	-0.00977	0.00912	3.09883	1.00000	0.00016	0.00017	-0.00016	0.99999	-0.00474	-0.00017	0.00474	0.99999	
27	0.26000	-200.72680	1.32987	-0.54131	-0.26934	-0.01031	0.00924	3.09237	1.00000	0.00016	0.00018	-0.00016	0.99999	-0.00470	-0.00018	0.00470	0.99999	
28	0.27000	-200.72115	1.32804	-0.54795	-0.26752	-0.00871	0.01022	3.10254	1.00000	0.00018	0.00015	-0.00018	0.99999	-0.00467	-0.00015	0.00467	0.99999	
29	0.28000	-200.69880	1.32787	-0.53849	-0.26262	-0.01018	0.00885	3.11006	1.00000	0.00016	0.00018	-0.00015	0.99999	-0.00458	-0.00018	0.00458	0.99999	
30	0.29000	-200.73015	1.30538	-0.54488	-0.26552	-0.00863	0.01078	3.08732	1.00000	0.00019	0.00015	-0.00019	0.99999	-0.00463	-0.00015	0.00463	0.99999	
31	0.30000	-200.71358	1.31117	-0.53349	-0.26180	-0.00964	0.01034	3.10452	1.00000	0.00018	0.00017	-0.00018	0.99999	-0.00457	-0.00017	0.00457	0.99999	
32	0.31000	-200.69612	1.33611	-0.53650	-0.25495	-0.00886	0.01070	3.10736	1.00000	0.00019	0.00015	-0.00019	0.99999	-0.00445	-0.00015	0.00445	0.99999	
33	0.32000	-200.71915	1.30546	-0.53268	-0.26008	-0.00749	0.01230	3.09649	1.00000	0.00022	0.00013	-0.00021	0.99999	-0.00454	-0.00013	0.00454	0.99999	
34	0.33000	-200.70512	1.33883	-0.52880	-0.25254	-0.00818	0.01282	3.10773	1.00000	0.00022	0.00014	-0.00022	0.99999	-0.00441	-0.00014	0.00441	0.99999	
35	0.34000	-200.70331	1.32212	-0.51859	-0.25341	-0.00712	0.01255	3.09279	1.00000	0.00022	0.00012	-0.00022	0.99999	-0.00442	-0.00012	0.00442	0.99999	
36	0.35000	-200.71568	1.32224	-0.51832	-0.25279	-0.00585	0.01382	3.09903	1.00000	0.00024	0.00010	-0.00024	0.99999	-0.00441	-0.00010	0.00441	0.99999	
37	0.36000	-200.69223	1.34166	-0.52687	-0.25003	-0.00666	0.01348	3.09408	1.00000	0.00024	0.00012	-0.00024	0.99999	-0.00436	-0.00012	0.00436	0.99999	
38	0.37000	-200.70908	1.36238	-0.52608	-0.24357	-0.00560	0.01313	3.09716	1.00000	0.00023	0.00010	-0.00023	0.99999	-0.00425	-0.00010	0.00425	0.99999	
39	0.38000	-200.68586	1.36821	-0.52411	-0.24303	-0.00402	0.01482	3.09179	1.00000	0.00026	0.00007	-0.00026	0.99999	-0.00424	-0.00007	0.00424	0.99999	
40	0.39000	-200.67951	1.36364	-0.51150	-0.23986	-0.00344	0.01476	3.11006	1.00000	0.00026	0.00006	-0.00026	0.99999	-0.00419	-0.00006	0.00419	0.99999	
41	0.40000	-200.68122	1.37169	-0.52274	-0.23862	-0.00273	0.01556	3.08960	1.00000	0.00027	0.00005	-0.00027	0.99999	-0.00416	-0.00005	0.00416	0.99999	
42	0.41000	-200.67715	1.36933	-0.53136	-0.23801	-0.00098	0.01630	3.09099	1.00000	0.00028	0.00002	-0.00028	0.99999	-0.00415	-0.00002	0.00415	0.99999	
43	0.42000	-200.68140	1.37990	-0.52700	-0.23562	0.00049	0.01733	3.09512	1.00000	0.00030	-0.00001	-0.00030	0.99999	-0.00411	0.00001	0.00411	0.99999	
44	0.43000	-200.68980	1.40275	-0.52574	-0.23113	-0.00048	0.01605	3.09397	1.00000	0.00028	0.00001	-0.00028	0.99999	-0.00403	-0.00001	0.00403	0.99999	
45	0.44000	-200.67696	1.40510	-0.52474	-0.23050	0.00218	0.01662	3.09765	1.00000	0.00029	-0.00004	-0.00029	0.99999	-0.00402	0.00004	0.00402	0.99999	
46	0.45000	-200.66498	1.40220	-0.52828	-0.23038	0.00344	0.01684	3.10706	1.00000	0.00029	-0.00006	-0.00029	0.99999	-0.00402	0.00006	0.00402	0.99999	
47	0.46000	-200.13227	1.45522	-0.34218	-0.27252	-0.00841	0.04905	2.98177	1.00000	0.00086	0.00014	-0.00086	0.99999	-0.00476	-0.00015	0.00476	0.99999	
48	0.47000	-200.12084	1.43365	-0.34071	-0.27754	-0.00663	0.04934	2.99040	1.00000	0.00086	0.00011	-0.00086	0.99999	-0.00484	-0.00012	0.00484	0.99999	
49	0.48000	-200.14686	1.47041	-0.34385	-0.26951	-0.00746	0.04804	2.96976	1.00000	0.00084	0.00013	-0.00084	0.99999	-0.00470	-0.00013	0.00470	0.99999	
50	0.49000	-200.13259	1.48092	-0.35563	-0.26920	-0.00614	0.04792	2.97700	1.00000	0.00084	0.00010	-0.00084	0.99999	-0.00470	-0.00011	0.00470	0.99999	
51	0.50000	-200.13085	1.48028	-0.35209	-0.26778	-0.00581	0.04730	2.97091	1.00000	0.00083	0.00010	-0.00083	0.99999	-0.00467	-0.00010	0.00467	0.99999	
52	0.51000	-200.13259	1.47507	-0.35889	-0.27040	-0.00548	0.04796	2.97153	1.00000	0.00084	0.00009	-0.00084	0.99999	-0.00472	-0.00010	0.00472	0.99999	
53	0.52000	-200.13008	1.48993	-0.37250	-0.26694	-0.00410	0.04714	2.97693	1.00000	0.00082	0.00007	-0.00082	0.99999	-0.00466	-0.00007	0.00466	0.99999	
54	0.53000	-200.13038	1.49084	-0.37277	-0.26625	-0.00415	0.04701	2.97455	1.00000	0.00082	0.00007	-0.00082	0.99999	-0.00465	-0.00007	0.00465	0.99999	
55	0.54000	-200.10969	1.49835	-0.37238	-0.26574	-0.00501	0.04658	2.96267	1.00000	0.00081	0.00008	-0.00081	0.99999	-0.00464	-0.00009	0.00464	0.99999	
56	0.55000	-200.11194	1.50425	-0.37732	-0.26013	-0.00459	0.04461	2.98110	1.00000	0.00078	0.00008	-0.00078	0.99999	-0.00454	-0.00008	0.00454	0.99999	
57	0.56000	-200.10682	1.52301	-0.37581	-0.25864	-0.00565	0.04372	2.97151	1.00000	0.00076	0.00010	-0.00076	0.99999	-0.00451	-0.00010	0.00451	0.99999	
58	0.57000	-200.09024	1.51174	-0.36772	-0.26120	-0.00580	0.04377	2.96867	1.00000	0.00076	0.00010	-0.00076	0.99999	-0.00456	-0.00010	0.00456	0.99999	
59	0.58000	-200.10218	1.50251	-0.38144	-0.26107	-0.00419	0.04310	2.96895	1.00000	0.00075	0.00007	-0.00075	0.99999	-0.00456	-0.00007	0.00456	0.99999	
60	0.59000	-200.10596	1.50713	-0.38828	-0.26039	-0.00499	0.04202	2.97315	1.00000	0.00073	0.00008	-0.00073	0.99999	-0.00454	-0.00009	0.00454	0.99999	
61	0.60000	-200.10402	1.52388	-0.40525	-0.25556	-0.00497	0.04137	2.98140	1.00000	0.00072	0.00008	-0.00072	0.99999	-0.00446	-0.00009	0.00446	0.99999	
62	0.61000	-200.08041	1.52241	-0.40290	-0.25556	-0.00590	0.04033	2.98163	1.00000	0.00070	0.00010	-0.00070	0.99999	-0.00446	-0.00010	0.00446	0.99999	
63	0.62000	-200.09765	1.49977	-0.41131	-0.26182	-0.00663	0.04095	2.96794	1.00000	0.00072	0.00011	-0.00071	0.99999	-0.00457	-0.00012	0.00457	0.99999	
64	0.63000	-200.09023	1.50534	-0.40609	-0.25846	-0.00709	0.04047	2.95099	1.00000	0.00071	0.00012	-0.00071	0.99999	-0.00451	-0.00012	0.00451	0.99999	
65	0.64000	-200.07669	1.47991	-0.41281	-0.26259	-0.00717	0.03960	2.97438	1.00000	0.00069	0.00012	-0.00069	0.99999	-0.00458	-0.00013	0.00458	0.99999	
66	0.65000	-200.09081	1.50040	-0.42452	-0.25730	-0.00853	0.03896	2.96500	1.00000	0.00068	0.00015	-0.00068	0.99999	-0.00449	-0.00015	0.00449	0.99999	
67	0.66000	-200.09518	1.50104	-0.42578	-0.25497	-0.00845	0.03825	2.98000	1.00000	0.00067	0.00014	-0.00067	0.99999	-0.00445	-0.00015	0.00445	0.99999	
68	0.67000	-200.09750	1.50181	-0.43690	-0.25327	-0.00807	0.03810	2.97196	1.00000	0.00067	0.00014	-0.00067	0.99999	-0.00442	-0.00014	0.00442	0.99999	
69	0.68000	-200.10276	1.50063	-0.43812	-0.25394	-0.00981	0.03721	2.96441	1.00000	0.00065	0.00017	-0.00065	0.99999	-0.00443	-0.00017	0.00443	0.99999	
70	0.69000	-200.07591	1.48278	-0.42918	-0.25868	-0.00954	0.03718	2.97528	1.00000	0.00065	0.00016	-0.00065	0.99999	-0.00451	-0.00017	0.00451	0.99999	
71	0.70000	-200.07658	1.49583	-0.43110	-0.25318	-0.01027	0.03650	2.98814	1.00000	0.00064	0.00018	-0.00064	0.99999	-0.00442	-0.00018	0.00442	0.99999	
72	0.71000	-200.07002	1.46359	-0.44398	-0.26234	-0.01071	0.03728	2.95583	1.00000	0.00065	0.00018	-0.00065	0.99999	-0.00458	-0.00019	0.00458	0.99999	
73	0.72000	-200.05547	1.46962	-0.43775	-0.25944	-0.01312	0.03663	2.96336	1.00000	0.00064	0.00023	-0.00064	0.99999	-0.00453	-0.00023	0.00453	0.99999	
74	0.73000	-200.06462	1.47513	-0.44513	-0.25523	-0.01217	0.03525	2.97954	1.00000	0.00062	0.00021	-0.00062	0.99999	-0.00445	-0.00021	0.00445	0.99999	
75	0.74000	-200.04640	1.47193	-0.43840	-0.25879	-0.01204	0.03631	2.98364	1.00000	0.00063	0.00021	-0.00063	0.99999	-0.00452	-0.00021	0.00452	0.99999	
76	0.75000	-200.05633	1.46847	-0.44347	-0.26026	-0.01335	0.03643	2.96520	1.00000	0.00064	0.00023	-0.00064	0.99999	-0.00454	-0.00023	0.00454	0.99999	
77	0.76000	-200.06736	1.47138	-0.44037	-0.25932	-0.01394	0.03731	2.95232	1.00000	0.00065	0.00024	-0.00065	0.99999	-0.00453	-0.00024	0.00453	0.99999	
78	0.77000	-200.04910	1.46171	-0.44037	-0.26093	-0.01353	0.03716	2.96747	1.00000	0.00065	0.00023	-0.00065	0.99999	-0.00455	-0.00024	0.00455	0.99999	
79	0.78000	-200.03255	1.47204	-0.43242	-0.26053	-0.01366	0.03727	2.98498	1.00000	0.00065	0.00024	-0.00065	0.99999	-0.00455	-0.00024	0.00455	0.99999	
80	0.79000	-200.03508	1.46158	-0.43194	-0.26543	-0.01316	0.03783	2.97706	1.00000	0.00066	0.00023	-0.00066	0.99999	-0.00463	-0.00023	0.00463	0.99999	
81	0.80000	-200.06261	1.45705	-0.42812	-0.26618	-0.01354	0.03753	2.96937	1.00000	0.00066	0.00023	-0.00066	0.99999	-0.00465	-0.00024	0.00465	0.99999	
82	0.81000	-200.03680	1.45505	-0.42264	-0.26740	-0.01368	0.03758	2.96307	1.00000	0.00066	0.00024	-0.00066	0.99999	-0.00467	-0.00024	0.00467	0.99999	
83	0.82000	-200.06062	1.46024	-0.42737	-0.26748	-0.01294	0.03824	2.97439	1.00000	0.00067	0.00022	-0.00067	0.99999	-0.00467	-0.00023	0.00467	0.99999	
84	0.83000	-200.02992	1.46588	-0.42253	-0.26896	-0.01393	0.03838	2.97503	1.00000	0.00067	0.00024	-0.00067	0.99999	-0.00469	-0.00024	0.00469	0.99999	
85	0.84000	-200.04815	1.47126	-0.41869	-0.27070	-0.01365	0.03959	2.96909	1.00000	0.00069	0.00023	-0.00069	0.99999	-0.00472	-0.00024	0.00472	0.99999	
86	0.85000	-200.03349	1.44820	-0.41106	-0.27968	-0.01320	0.04078	2.95646	1.00000	0.00071	0.00023	-0.00071	0.99999	-0.00488	-0.00023	0.00488	0.99999	
87	0.86000	-200.01598	1.46115	-0.41144	-0.27758	-0.01270	0.04036	2.96684	1.00000	0.00071	0.00022	-0.00070	0.99999	-0.00484	-0.00022	0.00484	0.99999	
88	0.87000	-200.00793	1.47054	-0.41347	-0.27819	-0.01261	0.04023	2.97848	1.00000	0.00070	0.00022	-0.00070	0.99999	-0.00486	-0.00022	0.00486	0.99999	
89	0.88000	-198.20243	1.52923	0.25799	-0.45352	-0.05256	0.15323	3.85851	1.00000	0.00268	0.00090	-0.00267	0.99997	-0.00792	-0.00092	0.00792	0.99997	
90	0.89000	-200.06404	1.47065	-0.40231	-0.28213	-0.01147	0.04177	2.96236	1.00000	0.00073	0.00020	-0.00073	0.99999	-0.00492	-0.00020	0.00492	0.99999	
91	0.90000	-200.72884	1.40893	-0.60733	-0.23041	0.00180	-0.00068	3.18464	1.00000	-0.00001	-0.00003	0.00001	0.99999	-0.00402	0.00003	0.00402	0.99999	
92	0.91000	-200.56947	1.46701	-0.56456	-0.23699	-0.00037	0.00916	3.09437	1.00000	0.00016	0.00001	-0.00016	0.99999	-0.00414	-0.00001	0.00414	0.99999	
93	0.92000	-200.55713	1.46523	-0.56087	-0.24071	-0.00014	0.01092	3.09243	1.00000	0.00019	0.00000	-0.00019	0.99999	-0.00420	-0.00000	0.00420	0.99999	
94	0.93000	-200.73728	1.41912	-0.59385	-0.23757	0.00303	0.00007	3.17631	1.00000	0.00000	-0.00005	-0.00000	0.99999	-0.00415	0.00005	0.00415	0.99999	
95	0.94000	-200.73887	1.42993	-0.58075	-0.23668	0.00177	0.00078	3.16529	1.00000	0.00001	-0.00003	-0.00001	0.99999	-0.00413	0.00003	0.00413	0.99999	
96	0.95000	-200.56476	1.47866	-0.55129	-0.24482	0.00067	0.01205	3.09834	1.00000	0.00021	-0.00001	-0.00021	0.99999	-0.00427	0.00001	0.00427	0.99999	
97	0.96000	-200.74163	1.41262	-0.57770	-0.24415	0.00295	0.00147	3.17805	1.00000	0.00003	-0.00005	-0.00003	0.99999	-0.00426	0.00005	0.00426	0.99999	
98	0.97000	-200.73408	1.42816	-0.57035	-0.24078	0.00345	0.00106	3.18163	1.00000	0.00002	-0.00006	-0.00002	0.99999	-0.00420	0.00006	0.00420	0.99999	
99	0.98000	-200.76385	1.44426	-0.57430	-0.24331	0.00282	0.00227	3.16347	1.00000	0.00004	-0.00005	-0.00004	0.99999	-0.00425	0.00005	0.00425	0.99999	
100	0.99000	-200.75064	1.41733	-0.55887	-0.25055	0.00310	0.00145	3.17643	1.00000	0.00003	-0.00005	-0.00003	0.99999	-0.00437	0.00005	0.00437	0.99999	
101	1.00000	-200.72310	1.41299	-0.55554	-0.25386	0.00251	0.00278	3.17869	1.00000	0.00005	-0.00004	-0.00005	0.99999	-0.00443	0.00004	0.00443	0.99999	
102	1.01000	-200.74035	1.42657	-0.55455	-0.25065	0.00295	0.00254	3.17463	1.00000	0.00004	-0.00005	-0.00004	0.99999	-0.00437	0.00005	0.00437	0.99999	
103	1.02000	-200.71528	1.39637	-0.54116	-0.25878	0.00231	0.00327	3.19009	1.00000	0.00006	-0.00004	-0.00006	0.99999	-0.00452	0.00004	0.00452	0.99999	
104	1.03000	-198.32355	1.53231	0.30744	-0.47594	-0.04861	0.15246	3.78433	1.00000	0.00267	0.00083	-0.00266	0.99996	-0.00831	-0.00085	0.00831	0.99997	
105	1.04000	-198.32251	1.54024	0.31154	-0.47378	-0.04930	0.15244	3.77141	1.00000	0.00267	0.00084	-0.00266	0.99996	-0.00827	-0.00086	0.00827	0.99997	
106	1.05000	-200.36410	1.44477	-0.43346	-0.28431	-0.00308	0.02578	3.03418	1.00000	0.00045	0.00005	-0.00045	0.99999	-0.00496	-0.00005	0.00496	0.99999	
107	1.06000	-200.36552	1.45701	-0.42920	-0.28060	-0.00439	0.02450	3.03324	1.00000	0.00043	0.00007	-0.00043	0.99999	-0.00490	-0.00008	0.00490	0.99999	
108	1.07000	-200.36534	1.43680	-0.43386	-0.28566	-0.00475	0.02593	3.03401	1.00000	0.00045	0.00008	-0.00045	0.99999	-0.00499	-0.00008	0.00499	0.99999	
109	1.08000	-200.40042	1.42938	-0.42535	-0.28686	-0.00445	0.02533	3.02723	1.00000	0.00044	0.00008	-0.00044	0.99999	-0.00501	-0.00008	0.00501	0.99999	
110	1.09000	-200.37618	1.41297	-0.42425	-0.28955	-0.00532	0.02645	3.02339	1.00000	0.00046	0.00009	-0.00046	0.99999	-0.00505	-0.00009	0.00505	0.99999	
111	1.10000	-200.35673	1.42586	-0.42356	-0.28549	-0.00643	0.02536	3.02407	1.00000	0.00044	0.00011	-0.00044	0.99999	-0.00498	-0.00011	0.00498	0.99999	
112	1.11000	-200.36353	1.40242	-0.41604	-0.28930	-0.00548	0.02621	3.03926	1.00000	0.00046	0.00009	-0.00046	0.99999	-0.00505	-0.00010	0.00505	0.99999	
113	1.12000	-200.37913	1.39076	-0.42367	-0.29081	-0.00705	0.02568	3.02753	1.00000	0.00045	0.00012	-0.00045	0.99999	-0.00508	-0.00012	0.00508	0.99999	
114	1.13000	-200.35295	1.38079	-0.41742	-0.29205	-0.00688	0.02655	3.03224	1.00000	0.00046	0.00012	-0.00046	0.99999	-0.00510	-0.00012	0.00510	0.99999	
115	1.14000	-200.37209	1.39640	-0.40741	-0.28753	-0.00789	0.02551	3.03022	1.00000	0.00045	0.00014	-0.00045	0.99999	-0.00502	-0.00014	0.00502	0.99999	
116	1.15000	-200.35105	1.37712	-0.40757	-0.29253	-0.00811	0.02649	3.03450	1.00000	0.00046	0.00014	-0.00046	0.99999	-0.00511	-0.00014	0.00511	0.99999	
117	1.16000	-200.36958	1.37995	-0.40209	-0.28893	-0.00844	0.02718	3.03575	1.00000	0.00048	0.00014	-0.00047	0.99999	-0.00504	-0.00015	0.00504	0.99999	
118	1.17000	-200.36874	1.35282	-0.41305	-0.29367	-0.00993	0.02722	3.03248	1.00000	0.00048	0.00017	-0.00048	0.99999	-0.00513	-0.00017	0.00513	0.99999	
119	1.18000	-200.55477	1.33387	-0.46374	-0.27821	-0.00624	0.01670	3.09018	1.00000	0.00029	0.00011	-0.00029	0.99999	-0.00486	-0.00011	0.00486	0.99999	
120	1.19000	-200.35032	1.32608	-0.41524	-0.29637	-0.00949	0.02789	3.04800	1.00000	0.00049	0.00016	-0.00049	0.99999	-0.00517	-0.00017	0.00517	0.99999	
121	1.20000	-200.33831	1.34652	-0.42174	-0.29225	-0.01106	0.02795	3.02610	1.00000	0.00049	0.00019	-0.00049	0.99999	-0.00510	-0.00019	0.00510	0.99999	
122	1.21000	-200.35781	1.32542	-0.41706	-0.29574	-0.00983	0.02797	3.04716	1.00000	0.00049	0.00017	-0.00049	0.99999	-0.00516	-0.00017	0.00516	0.99999	
123	1.22000	-200.35361	1.35185	-0.41836	-0.28750	-0.01104	0.02861	3.04010	1.00000	0.00050	0.00019	-0.00050	0.99999	-0.00502	-0.00019	0.00502	0.99999	
124	1.23000	-200.33895	1.32631	-0.42129	-0.29433	-0.01103	0.02995	3.02496	1.00000	0.00052	0.00019	-0.00052	0.99999	-0.00514	-0.00019	0.00514	0.99999	
125	1.24000	-200.33733	1.31847	-0.42054	-0.29469	-0.01109	0.03095	3.04531	1.00000	0.00054	0.00019	-0.00054	0.99999	-0.00514	-0.00019	0.00514	0.99999	
126	1.25000	-200.34129	1.33626	-0.42525	-0.29153	-0.01185	0.03100	3.02453	1.00000	0.00054	0.00020	-0.00054	0.99999	-0.00509	-0.00021	0.00509	0.99999	
127	1.26000	-200.35303	1.33462	-0.42836	-0.29246	-0.01136	0.03171	3.03317	1.00000	0.00055	0.00020	-0.00055	0.99999	-0.00510	-0.00020	0.00510	0.99999	
128	1.27000	-200.35718	1.34304	-0.42215	-0.28967	-0.01125	0.03190	3.04596	1.00000	0.00056	0.00019	-0.00056	0.99999	-0.00506	-0.00020	0.00506	0.99999	
129	1.28000	-200.34146	1.33147	-0.42224	-0.29264	-0.01202	0.03268	3.03185	1.00000	0.00057	0.00021	-0.00057	0.99999	-0.00511	-0.00021	0.00511	0.99999	
130	1.29000	-200.35102	1.32732	-0.43424	-0.29413	-0.01139	0.03406	3.01840	1.00000	0.00060	0.00020	-0.00059	0.99999	-0.00513	-0.00020	0.00513	0.99999	
131	1.30000	-200.36308	1.35275	-0.44642	-0.28870	-0.01119	0.03368	3.03602	1.00000	0.00059	0.00019	-0.00059	0.99999	-0.00504	-0.00020	0.00504	0.99999	
132	1.31000	-200.35789	1.35910	-0.45316	-0.28767	-0.01049	0.03408	3.03026	1.00000	0.00060	0.00018	-0.00059	0.99999	-0.00502	-0.00018	0.00502	0.99999	
133	1.32000	-200.34642	1.35742	-0.44362	-0.28874	-0.01031	0.03551	3.01432	1.00000	0.00062	0.00018	-0.00062	0.99999	-0.00504	-0.00018	0.00504	0.99999	
134	1.33000	-200.34002	1.36740	-0.45041	-0.28702	-0.01022	0.03407	3.03293	1.00000	0.00060	0.00018	-0.00059	0.99999	-0.00501	-0.00018	0.00501	0.99999	
135	1.34000	-200.36562	1.37149	-0.45593	-0.28680	-0.00931	0.03604	3.01989	1.00000	0.00063	0.00016	-0.00063	0.99999	-0.00501	-0.00016	0.00501	0.99999	
136	1.35000	-200.35074	1.38593	-0.46452	-0.28550	-0.00935	0.03594	3.02599	1.00000	0.00063	0.00016	-0.00063	0.99999	-0.00498	-0.00016	0.00498	0.99999	
137	1.36000	-200.31171	1.39850	-0.46595	-0.28314	-0.00827	0.03577	3.04870	1.00000	0.00063	0.00014	-0.00062	0.99999	-0.00494	-0.00014	0.00494	0.99999	
138	1.37000	-200.33640	1.41388	-0.47262	-0.28155	-0.00772	0.03722	3.02789	1.00000	0.00065	0.00013	-0.00065	0.99999	-0.00491	-0.00013	0.00491	0.99999	
139	1.38000	-200.32558	1.41495	-0.47063	-0.28232	-0.00768	0.03750	3.02971	1.00000	0.00066	0.00013	-0.00065	0.99999	-0.00493	-0.00013	0.00493	0.99999	
140	1.39000	-200.31763	1.41920	-0.47428	-0.28185	-0.00652	0.03704	3.03470	1.00000	0.00065	0.00011	-0.00065	0.99999	-0.00492	-0.00011	0.00492	0.99999	
141	1.40000	-200.33453	1.41397	-0.48452	-0.28396	-0.00507	0.03802	3.03597	1.00000	0.00066	0.00009	-0.00066	0.99999	-0.00496	-0.00009	0.00496	0.99999	
142	1.41000	-200.34072	1.44512	-0.50391	-0.27873	-0.00517	0.03825	3.03292	1.00000	0.00067	0.00009	-0.00067	0.99999	-0.00486	-0.00009	0.00486	0.99999	
143	1.42000	-200.33032	1.42905	-0.49662	-0.28247	-0.00417	0.03777	3.03176	1.00000	0.00066	0.00007	-0.00066	0.99999	-0.00493	-0.00007	0.00493	0.99999	
144	1.43000	-200.34801	1.44042	-0.50610	-0.28141	-0.00355	0.03739	3.02555	1.00000	0.00065	0.00006	-0.00065	0.99999	-0.00491	-0.00006	0.00491	0.99999	
145	1.44000	-200.32327	1.47183	-0.51321	-0.27285	-0.00411	0.03570	3.03259	1.00000	0.00062	0.00007	-0.00062	0.99999	-0.00476	-0.00007	0.00476	0.99999	
146	1.45000	-200.32814	1.46574	-0.52471	-0.27624	-0.00191	0.03689	3.03757	1.00000	0.00064	0.00003	-0.00064	0.99999	-0.00482	-0.00003	0.00482	0.99999	
147	1.46000	-200.30985	1.47273	-0.52033	-0.27385	-0.00207	0.03601	3.04361	1.00000	0.00063	0.00003	-0.00063	0.99999	-0.00478	-0.00004	0.00478	0.99999	
148	1.47000	-200.32034	1.47410	-0.52733	-0.27493	-0.00176	0.03587	3.02130	1.00000	0.00063	0.00003	-0.00063	0.99999	-0.00480	-0.00003	0.00480	0.99999	
149	1.48000	-200.29675	1.49526	-0.52815	-0.27066	-0.00234	0.03531	3.02611	1.00000	0.00062	0.00004	-0.00062	0.99999	-0.00472	-0.00004	0.00472	0.99999	
150	1.49000	-200.31986	1.49477	-0.54248	-0.26900	-0.00136	0.03471	3.03243	1.00000	0.00061	0.00002	-0.00061	0.99999	-0.00469	-0.00002	0.00469	0.99999	
151	1.50000	-200.30411	1.49671	-0.54066	-0.26769	-0.00122	0.03381	3.03767	1.00000	0.00059	0.00002	-0.00059	0.99999	-0.00467	-0.00002	0.00467	0.99999	
152	1.51000	-200.31233	1.49117	-0.54353	-0.26780	-0.00018	0.03380	3.02313	1.00000	0.00059	0.00000	-0.00059	0.99999	-0.00467	-0.00000	0.00467	0.99999	
153	1.52000	-200.31592	1.51391	-0.55905	-0.26153	-0.00094	0.03406	3.01897	1.00000	0.00059	0.00001	-0.00059	0.99999	-0.00456	-0.00002	0.00456	0.99999	
154	1.53000	-200.30710	1.51766	-0.55588	-0.25800	-0.00007	0.03244	3.02273	1.00000	0.00057	-0.00000	-0.00057	0.99999	-0.00450	-0.00000	0.00450	0.99999	
155	1.54000	-200.29456	1.50463	-0.56169	-0.25802	-0.00029	0.03081	3.02326	1.00000	0.00054	0.00000	-0.00054	0.99999	-0.00450	-0.00001	0.00450	0.99999	
156	1.55000	-200.30570	1.51992	-0.57914	-0.25469	0.00049	0.03088	3.02543	1.00000	0.00054	-0.00001	-0.00054	0.99999	-0.00445	0.00001	0.00445	0.99999	
157	1.56000	-200.29548	1.49948	-0.56975	-0.25793	0.00199	0.03112	3.03435	1.00000	0.00054	-0.00004	-0.00054	0.99999	-0.00450	0.00003	0.00450	0.99999	
158	1.57000	-200.30671	1.49216	-0.57849	-0.25846	0.00150	0.02981	3.02355	1.00000	0.00052	-0.00003	-0.00052	0.99999	-0.00451	0.00003	0.00451	0.99999	
159	1.58000	-200.30524	1.50833	-0.58202	-0.24927	0.00118	0.02826	3.01517	1.00000	0.00049	-0.00002	-0.00049	0.99999	-0.00435	0.00002	0.00435	0.99999	
160	1.59000	-200.29496	1.50758	-0.57736	-0.24756	0.00094	0.02729	3.04501	1.00000	0.00048	-0.00002	-0.00048	0.99999	-0.00432	0.00002	0.00432	0.99999	
161	1.60000	-200.30323	1.48979	-0.58232	-0.24923	0.00044	0.02739	3.01618	1.00000	0.00048	-0.00001	-0.00048	0.99999	-0.00435	0.00001	0.00435	0.99999	
162	1.61000	-200.26976	1.48991	-0.59331	-0.24531	0.00099	0.02567	3.03822	1.00000	0.00045	-0.00002	-0.00045	0.99999	-0.00428	0.00002	0.00428	0.99999	
163	1.62000	-200.48775	1.47044	-0.65439	-0.22677	0.00424	0.01366	3.09665	1.00000	0.00024	-0.00007	-0.00024	0.99999	-0.00396	0.00007	0.00396	0.99999	
164	1.63000	-200.29094	1.48403	-0.58545	-0.24092	-0.00039	0.02431	3.03183	1.00000	0.00042	0.00001	-0.00042	0.99999	-0.00420	-0.00001	0.00420	0.99999	
165	1.64000	-200.30889	1.46354	-0.59689	-0.24118	0.00153	0.02478	3.01760	1.00000	0.00043	-0.00003	-0.00043	0.99999	-0.00421	0.00003	0.00421	0.99999	
166	1.65000	-200.49268	1.44256	-0.64131	-0.22306	0.00320	0.01244	3.08909	1.00000	0.00022	-0.00006	-0.00022	0.99999	-0.00389	0.00006	0.00389	0.99999	
167	1.66000	-200.48254	1.43716	-0.62886	-0.22015	0.00299	0.01202	3.09550	1.00000	0.00021	-0.00005	-0.00021	0.99999	-0.00384	0.00005	0.00384	0.99999	
168	1.67000	-200.49060	1.42816	-0.63953	-0.22013	0.00406	0.01142	3.09866	1.00000	0.00020	-0.00007	-0.00020	0.99999	-0.00384	0.00007	0.00384	0.99999	
169	1.68000	-199.94870	1.44313	-0.44413	-0.26601	-0.00878	0.04248	2.96648	1.00000	0.00074	0.00015	-0.00074	0.99999	-0.00464	-0.00015	0.00464	0.99999	
170	1.69000	-199.96277	1.44643	-0.45427	-0.26408	-0.00974	0.04304	2.96184	1.00000	0.00075	0.00017	-0.00075	0.99999	-0.00461	-0.00017	0.00461	0.99999	
171	1.70000	-199.95223	1.43791	-0.45877	-0.26172	-0.00855	0.04268	2.97739	1.00000	0.00075	0.00015	-0.00074	0.99999	-0.00457	-0.00015	0.00457	0.99999	
172	1.71000	-199.93912	1.43371	-0.45409	-0.26173	-0.00895	0.04296	2.97404	1.00000	0.00075	0.00015	-0.00075	0.99999	-0.00457	-0.00016	0.00457	0.99999	
173	1.72000	-199.95857	1.44093	-0.44593	-0.25826	-0.00892	0.04273	2.96709	1.00000	0.00075	0.00015	-0.00075	0.99999	-0.00451	-0.00016	0.00451	0.99999	
174	1.73000	-199.93463	1.42256	-0.42794	-0.25884	-0.00966	0.04375	2.97562	1.00000	0.00076	0.00017	-0.00076	0.99999	-0.00452	-0.00017	0.00452	0.99999	
175	1.74000	-199.96578	1.40715	-0.43084	-0.26042	-0.00901	0.04333	2.97016	1.00000	0.00076	0.00015	-0.00076	0.99999	-0.00455	-0.00016	0.00455	0.99999	
176	1.75000	-199.97276	1.41482	-0.41095	-0.25628	-0.01009	0.04321	2.96819	1.00000	0.00075	0.00017	-0.00075	0.99999	-0.00447	-0.00018	0.00447	0.99999	
177	1.76000	-199.94666	1.41438	-0.40176	-0.25501	-0.01077	0.04309	2.95923	1.00000	0.00075	0.00018	-0.00075	0.99999	-0.00445	-0.00019	0.00445	0.99999	
178	1.77000	-199.95388	1.40706	-0.39748	-0.25505	-0.01228	0.04370	2.94973	1.00000	0.00076	0.00021	-0.00076	0.99999	-0.00445	-0.00021	0.00445	0.99999	
179	1.78000	-199.94604	1.39627	-0.39056	-0.25752	-0.01140	0.04501	2.97699	1.00000	0.00079	0.00020	-0.00079	0.99999	-0.00449	-0.00020	0.00449	0.99999	
180	1.79000	-199.96070	1.41551	-0.39605	-0.25508	-0.01170	0.04435	2.96226	1.00000	0.00077	0.00020	-0.00077	0.99999	-0.00445	-0.00020	0.00445	0.99999	
181	1.80000	-199.97466	1.41954	-0.39145	-0.25235	-0.01118	0.04421	2.97412	1.00000	0.00077	0.00019	-0.00077	0.99999	-0.00440	-0.00020	0.00440	0.99999	
182	1.81000	-199.94083	1.41052	-0.37411	-0.25442	-0.01248	0.04548	2.97465	1.00000	0.00079	0.00021	-0.00079	0.99999	-0.00444	-0.00022	0.00444	0.99999	
183	1.82000	-199.97137	1.39029	-0.36341	-0.25976	-0.01135	0.04548	2.95910	1.00000	0.00079	0.00019	-0.00079	0.99999	-0.00453	-0.00020	0.00453	0.99999	
184	1.83000	-199.96152	1.39976	-0.35563	-0.25738	-0.01176	0.04582	2.98216	1.00000	0.00080	0.00020	-0.00080	0.99999	-0.00449	-0.00021	0.00449	0.99999	
185	1.84000	-199.96867	1.39591	-0.34423	-0.25962	-0.01246	0.04687	2.97044	1.00000	0.00082	0.00021	-0.00082	0.99999	-0.00453	-0.00022	0.00453	0.99999	
186	1.85000	-199.98165	1.39504	-0.33467	-0.25909	-0.01259	0.04672	2.97186	1.00000	0.00082	0.00022	-0.00082	0.99999	-0.00452	-0.00022	0.00452	0.99999	
187	1.86000	-199.96295	1.41923	-0.32253	-0.25542	-0.01457	0.04641	2.97029	1.00000	0.00081	0.00025	-0.00081	0.99999	-0.00446	-0.00025	0.00446	0.99999	
188	1.87000	-199.98332	1.41107	-0.32660	-0.25816	-0.01414	0.04761	2.97376	1.00000	0.00083	0.00024	-0.00083	0.99999	-0.00451	-0.00025	0.00451	0.99999	
189	1.88000	-199.96682	1.43058	-0.31118	-0.25476	-0.01582	0.04687	2.97790	1.00000	0.00082	0.00027	-0.00082	0.99999	-0.00445	-0.00028	0.00445	0.99999	
190	1.89000	-199.96356	1.40536	-0.30210	-0.26214	-0.01386	0.04829	2.98855	1.00000	0.00084	0.00024	-0.00084	0.99999	-0.00458	-0.00024	0.00458	0.99999	
191	1.90000	-200.51127	1.40340	-0.48616	-0.21207	-0.00284	0.01526	3.09585	1.00000	0.00027	0.00005	-0.00027	0.99999	-0.00370	-0.00005	0.00370	0.99999	
192	1.91000	-200.50762	1.40833	-0.46586	-0.21169	-0.00438	0.01645	3.08560	1.00000	0.00029	0.00008	-0.00029	0.99999	-0.00369	-0.00008	0.00369	0.99999	
193	1.92000	-200.49342	1.40579	-0.46699	-0.21463	-0.00439	0.01640	3.09799	1.00000	0.00029	0.00008	-0.00029	0.99999	-0.00375	-0.00008	0.00375	0.99999	
194	1.93000	-200.51113	1.42105	-0.45929	-0.21285	-0.00480	0.01689	3.09132	1.00000	0.00030	0.00008	-0.00029	0.99999	-0.00371	-0.00008	0.00371	0.99999	
195	1.94000	-200.50512	1.40151	-0.46305	-0.21775	-0.00458	0.01572	3.09592	1.00000	0.00027	0.00008	-0.00027	0.99999	-0.00380	-0.00008	0.00380	0.99999	
196	1.95000	-200.51791	1.41860	-0.45249	-0.21832	-0.00559	0.01695	3.08613	1.00000	0.00030	0.00010	-0.00030	0.99999	-0.00381	-0.00010	0.00381	0.99999	
197	1.96000	-200.48430	1.42333	-0.43906	-0.21543	-0.00648	0.01715	3.10123	1.00000	0.00030	0.00011	-0.00030	0.99999	-0.00376	-0.00011	0.00376	0.99999	
198	1.97000	-200.53087	1.41220	-0.43014	-0.22098	-0.00553	0.01749	3.08402	1.00000	0.00031	0.00010	-0.00031	0.99999	-0.00386	-0.00010	0.00386	0.99999	
199	1.98000	-200.50671	1.40003	-0.42315	-0.22584	-0.00621	0.01789	3.08779	1.00000	0.00031	0.00011	-0.00031	0.99999	-0.00394	-0.00011	0.00394	0.99999	
200	1.99000	-200.51413	1.41495	-0.43435	-0.22392	-0.00716	0.01788	3.07938	1.00000	0.00031	0.00012	-0.00031	0.99999	-0.00391	-0.00013	0.00391	0.99999	
201	2.00000	-200.51062	1.40742	-0.41930	-0.22834	-0.00600	0.01892	3.09237	1.00000	0.00033	0.00010	-0.00033	0.99999	-0.00399	-0.00010	0.00399	0.99999	
202	2.01000	-200.52689	1.40517	-0.42355	-0.23046	-0.00533	0.01783	3.10190	1.00000	0.00031	0.00009	-0.00031	0.99999	-0.00402	-0.00009	0.00402	0.99999	
203	2.02000	-200.52037	1.42612	-0.41989	-0.22500	-0.00794	0.01769	3.10806	1.00000	0.00031	0.00014	-0.00031	0.99999	-0.00393	-0.00014	0.00393	0.99999	
204	2.03000	-200.50083	1.41258	-0.41197	-0.23067	-0.00663	0.01841	3.09980	1.00000	0.00032	0.00011	-0.00032	0.99999	-0.00403	-0.00012	0.00403	0.99999	
205	2.04000	-200.49580	1.40374	-0.41612	-0.23325	-0.00751	0.01873	3.09573	1.00000	0.00033	0.00013	-0.00033	0.99999	-0.00407	-0.00013	0.00407	0.99999	
206	2.05000	-200.50242	1.39681	-0.41214	-0.23592	-0.00735	0.01902	3.10662	1.00000	0.00033	0.00013	-0.00033	0.99999	-0.00412	-0.00013	0.00412	0.99999	
207	2.06000	-200.51416	1.39935	-0.41563	-0.23618	-0.00720	0.01941	3.10789	1.00000	0.00034	0.00012	-0.00034	0.99999	-0.00412	-0.00013	0.00412	0.99999	
208	2.07000	-200.51168	1.40682	-0.41267	-0.23954	-0.00864	0.01890	3.09372	1.00000	0.00033	0.00015	-0.00033	0.99999	-0.00418	-0.00015	0.00418	0.99999	
209	2.08000	-200.50933	1.38404	-0.40094	-0.24069	-0.00750	0.01987	3.10626	1.00000	0.00035	0.00013	-0.00035	0.99999	-0.00420	-0.00013	0.00420	0.99999	
210	2.09000	-200.49873	1.38782	-0.39636	-0.24279	-0.00704	0.02038	3.09986	1.00000	0.00036	0.00012	-0.00036	0.99999	-0.00424	-0.00012	0.00424	0.99999	
211	2.10000	-200.67404	1.34245	-0.43860	-0.23427	-0.00613	0.00999	3.17397	1.00000	0.00017	0.00011	-0.00017	0.99999	-0.00409	-0.00011	0.00409	0.99999	
212	2.11000	-200.66354	1.36054	-0.44685	-0.23163	-0.00720	0.00923	3.17146	1.00000	0.00016	0.00013	-0.00016	0.99999	-0.00404	-0.00013	0.00404	0.99999	
213	2.12000	-200.64232	1.34414	-0.45208	-0.23760	-0.00699	0.01145	3.18049	1.00000	0.00020	0.00012	-0.00020	0.99999	-0.00415	-0.00012	0.00415	0.99999	
214	2.13000	-200.65683	1.33905	-0.46312	-0.23987	-0.00734	0.01120	3.16975	1.00000	0.00020	0.00013	-0.00020	0.99999	-0.00419	-0.00013	0.00419	0.99999	
215	2.14000	-200.65540	1.32239	-0.46282	-0.24547	-0.00670	0.01128	3.18609	1.00000	0.00020	0.00012	-0.00020	0.99999	-0.00428	-0.00012	0.00428	0.99999	
216	2.15000	-200.67217	1.33718	-0.46601	-0.24387	-0.00786	0.01082	3.16462	1.00000	0.00019	0.00014	-0.00019	0.99999	-0.00426	-0.00014	0.00426	0.99999	
217	2.16000	-200.68658	1.33322	-0.47176	-0.24559	-0.00754	0.01165	3.16823	1.00000	0.00020	0.00013	-0.00020	0.99999	-0.00429	-0.00013	0.00429	0.99999	
218	2.17000	-198.24915	1.44401	0.35982	-0.46802	-0.05980	0.15972	3.76177	1.00000	0.00280	0.00102	-0.00279	0.99996	-0.00817	-0.00104	0.00817	0.99997	
219	2.18000	-198.22321	1.45814	0.36284	-0.46930	-0.06048	0.16251	3.79016	1.00000	0.00284	0.00103	-0.00284	0.99996	-0.00819	-0.00106	0.00819	0.99997	
220	2.19000	-200.32188	1.35536	-0.38411	-0.27729	-0.01419	0.03383	3.01850	1.00000	0.00059	0.00024	-0.00059	0.99999	-0.00484	-0.00025	0.00484	0.99999	
221	2.20000	-200.32744	1.35894	-0.38551	-0.27755	-0.01415	0.03390	3.02103	1.00000	0.00059	0.00024	-0.00059	0.99999	-0.00484	-0.00025	0.00484	0.99999	
222	2.21000	-200.30001	1.37170	-0.39332	-0.27720	-0.01434	0.03368	3.04566	1.00000	0.00059	0.00025	-0.00059	0.99999	-0.00484	-0.00025	0.00484	0.99999	
223	2.22000	-200.30648	1.36874	-0.40983	-0.28118	-0.01345	0.03505	3.04111	1.00000	0.00061	0.00023	-0.00061	0.99999	-0.00491	-0.00023	0.00491	0.99999	
224	2.23000	-200.27503	1.35416	-0.41463	-0.28365	-0.01457	0.03429	3.03780	1.00000	0.00060	0.00025	-0.00060	0.99999	-0.00495	-0.00025	0.00495	0.99999	
225	2.24000	-200.29814	1.39285	-0.42224	-0.27664	-0.01425	0.03404	3.04109	1.00000	0.00060	0.00025	-0.00059	0.99999	-0.00483	-0.00025	0.00483	0.99999	
226	2.25000	-200.31043	1.37491	-0.42860	-0.28456	-0.01500	0.03508	3.00941	1.00000	0.00061	0.00026	-0.00061	0.99999	-0.00497	-0.00026	0.00497	0.99999	
227	2.26000	-200.30411	1.36715	-0.43485	-0.28835	-0.01375	0.03507	3.02997	1.00000	0.00061	0.00024	-0.00061	0.99999	-0.00503	-0.00024	0.00503	0.99999	
228	2.27000	-200.28074	1.37445	-0.43405	-0.28950	-0.01404	0.03494	3.04180	1.00000	0.00061	0.00024	-0.00061	0.99999	-0.00505	-0.00025	0.00505	0.99999	
229	2.28000	-200.29611	1.38660	-0.45468	-0.28768	-0.01410	0.03598	3.02448	1.00000	0.00063	0.00024	-0.00063	0.99999	-0.00502	-0.00025	0.00502	0.99999	
230	2.29000	-200.28588	1.39578	-0.46863	-0.28917	-0.01294	0.03578	3.03378	1.00000	0.00063	0.00022	-0.00062	0.99999	-0.00505	-0.00023	0.00505	0.99999	
231	2.30000	-200.30785	1.40384	-0.47518	-0.29103	-0.01262	0.03671	3.02588	1.00000	0.00064	0.00022	-0.00064	0.99999	-0.00508	-0.00022	0.00508	0.99999	
232	2.31000	-200.30695	1.40350	-0.47513	-0.29328	-0.01270	0.03712	3.02413	1.00000	0.00065	0.00022	-0.00065	0.99999	-0.00512	-0.00022	0.00512	0.99999	
233	2.32000	-200.27824	1.39526	-0.47500	-0.29529	-0.01225	0.03621	3.03761	1.00000	0.00063	0.00021	-0.00063	0.99999	-0.00515	-0.00021	0.00515	0.99999	
234	2.33000	-200.27011	1.40361	-0.47900	-0.29376	-0.01208	0.03632	3.03259	1.00000	0.00063	0.00021	-0.00063	0.99999	-0.00513	-0.00021	0.00513	0.99999	
235	2.34000	-200.27762	1.41033	-0.49758	-0.29679	-0.01042	0.03738	3.03752	1.00000	0.00065	0.00018	-0.00065	0.99999	-0.00518	-0.00018	0.00518	0.99999	
236	2.35000	-200.28609	1.40174	-0.51104	-0.30117	-0.01109	0.03582	3.03495	1.00000	0.00063	0.00019	-0.00063	0.99999	-0.00526	-0.00019	0.00526	0.99999	
237	2.36000	-200.29281	1.42886	-0.51787	-0.29863	-0.00841	0.03724	3.02633	1.00000	0.00065	0.00014	-0.00065	0.99999	-0.00521	-0.00015	0.00521	0.99999	
238	2.37000	-200.29963	1.42474	-0.52755	-0.29875	-0.01003	0.03742	3.02935	1.00000	0.00065	0.00017	-0.00065	0.99999	-0.00521	-0.00017	0.00521	0.99999	
239	2.38000	-200.27847	1.44019	-0.52871	-0.29806	-0.00867	0.03733	3.03457	1.00000	0.00065	0.00015	-0.00065	0.99999	-0.00520	-0.00015	0.00520	0.99999	
240	2.39000	-200.29394	1.42402	-0.53829	-0.30245	-0.00773	0.03600	3.03363	1.00000	0.00063	0.00013	-0.00063	0.99999	-0.00528	-0.00013	0.00528	0.99999	
241	2.40000	-200.30596	1.42216	-0.54519	-0.30443	-0.00708	0.03641	3.01294	1.00000	0.00064	0.00012	-0.00064	0.99999	-0.00531	-0.00012	0.00531	0.99999	
242	2.41000	-200.29085	1.45133	-0.54877	-0.29805	-0.00652	0.03613	3.02473	1.00000	0.00063	0.00011	-0.00063	0.99999	-0.00520	-0.00011	0.00520	0.99999	
243	2.42000	-200.28724	1.43266	-0.55256	-0.30309	-0.00517	0.03542	3.02548	1.00000	0.00062	0.00009	-0.00062	0.99999	-0.00529	-0.00009	0.00529	0.99999	
244	2.43000	-200.27870	1.42151	-0.55053	-0.30496	-0.00504	0.03543	3.02496	1.00000	0.00062	0.00008	-0.00062	0.99999	-0.00532	-0.00009	0.00532	0.99999	
245	2.44000	-200.28866	1.44706	-0.56966	-0.29919	-0.00472	0.03578	3.02488	1.00000	0.00062	0.00008	-0.00062	0.99999	-0.00522	-0.00008	0.00522	0.99999	
246	2.45000	-200.29764	1.43435	-0.57933	-0.30214	-0.00292	0.03558	3.03010	1.00000	0.00062	0.00005	-0.00062	0.99999	-0.00527	-0.00005	0.00527	0.99999	
247	2.46000	-200.27551	1.45195	-0.59229	-0.29697	-0.00380	0.03467	3.02676	1.00000	0.00061	0.00006	-0.00061	0.99999	-0.00518	-0.00007	0.00518	0.99999	
248	2.47000	-200.29423	1.44501	-0.60437	-0.29948	-0.00267	0.03454	3.02110	1.00000	0.00060	0.00004	-0.00060	0.99999	-0.00523	-0.00005	0.00523	0.99999	
249	2.48000	-200.26954	1.43985	-0.60155	-0.29626	-0.00121	0.03529	3.04069	1.00000	0.00062	0.00002	-0.00062	0.99999	-0.00517	-0.00002	0.00517	0.99999	
250	2.49000	-200.29664	1.44004	-0.60138	-0.29441	-0.00126	0.03519	3.03410	1.00000	0.00061	0.00002	-0.00061	0.99999	-0.00514	-0.00002	0.00514	0.99999	
251	2.50000	-200.29380	1.42110	-0.58875	-0.29510	-0.00035	0.03454	3.02076	1.00000	0.00060	0.00000	-0.00060	0.99999	-0.00515	-0.00001	0.00515	0.99999	
252	2.51000	-200.30946	1.42693	-0.58720	-0.29224	0.00021	0.03412	3.02476	1.00000	0.00060	-0.00001	-0.00060	0.99999	-0.00510	0.00000	0.00510	0.99999	
253	2.52000	-200.29304	1.44477	-0.59397	-0.28705	-0.00016	0.03341	3.02552	1.00000	0.00058	-0.00000	-0.00058	0.99999	-0.00501	-0.00000	0.00501	0.99999	
254	2.53000	-200.27480	1.41004	-0.60764	-0.29398	0.00061	0.03443	3.02254	1.00000	0.00060	-0.00001	-0.00060	0.99999	-0.00513	0.00001	0.00513	0.99999	
255	2.54000	-200.29336	1.44250	-0.61819	-0.28530	0.00054	0.03296	3.02293	1.00000	0.00058	-0.00001	-0.00058	0.99999	-0.00498	0.00001	0.00498	0.99999	
256	2.55000	-200.29344	1.42120	-0.60715	-0.28818	0.00209	0.03324	3.01692	1.00000	0.00058	-0.00004	-0.00058	0.99999	-0.00503	0.00004	0.00503	0.99999	
257	2.56000	-200.28337	1.41807	-0.60165	-0.28386	0.00138	0.03215	3.02514	1.00000	0.00056	-0.00003	-0.00056	0.99999	-0.00495	0.00002	0.00495	0.99999	
258	2.57000	-200.27635	1.41412	-0.60675	-0.28345	0.00269	0.03087	3.03408	1.00000	0.00054	-0.00005	-0.00054	0.99999	-0.00495	0.00005	0.00495	0.99999	
259	2.58000	-200.28594	1.41092	-0.61773	-0.27971	0.00272	0.03011	3.03801	1.00000	0.00053	-0.00005	-0.00053	0.99999	-0.00488	0.00005	0.00488	0.99999	
260	2.59000	-200.25202	1.40778	-0.61659	-0.27633	0.00171	0.03026	3.03034	1.00000	0.00053	-0.00003	-0.00053	0.99999	-0.00482	0.00003	0.00482	0.99999	
261	2.60000	-200.28422	1.40110	-0.62115	-0.27555	0.00070	0.03059	3.03303	1.00000	0.00053	-0.00001	-0.00053	0.99999	-0.00481	0.00001	0.00481	0.99999	
262	2.61000	-200.26055	1.38872	-0.59835	-0.27170	0.00197	0.02946	3.04759	1.00000	0.00051	-0.00004	-0.00051	0.99999	-0.00474	0.00003	0.00474	0.99999	
263	2.62000	-200.30272	1.36808	-0.58063	-0.27161	0.00160	0.02927	3.02825	1.00000	0.00051	-0.00003	-0.00051	0.99999	-0.00474	0.00003	0.00474	0.99999	
264	2.63000	-200.27755	1.37479	-0.56780	-0.26557	0.00261	0.02903	3.02323	1.00000	0.00051	-0.00005	-0.00051	0.99999	-0.00463	0.00005	0.00463	0.99999	
265	2.64000	-200.27663	1.36232	-0.56770	-0.26646	0.00088	0.02843	3.02356	1.00000	0.00050	-0.00002	-0.00050	0.99999	-0.00465	0.00002	0.00465	0.99999	
